tree
version=v4
num_class=1
num_tree_per_iteration=1
label_index=0
max_feature_idx=29
objective=lambdarank
feature_names=win_odds market_implied_prob implied_prob_norm odds_rank actual_wt draw draw_relative field_size jockey_win_rate jockey_place_rate jockey_rides trainer_win_rate trainer_place_rate last_6_avg last_6_best last_2_avg last_6_trend gear_change stable_change ai_unluckiness distance race_sec_sum sec_pos_1 sec_pos_2 sec_pos_pre venue track_type course race_class track_condition
feature_infos=[1:693] [0.0014430000000000001:1] [3.1354739641015994e-05:0.82030820619923317] [1:1863] [0:135] [0:77] [0:5.1333333333333337] [4:17] [0:1] [0:1] [0:4709] [0:1] [0:1] [0:1231] [0:1231] [0:14] [-9.6666666666666679:9] none none none [0:2400] [56.689999999999998:121.7] [0:14] [0:14] [0:14] -1:1:0 -1:0:2 -1:0:1 -1:0:3:2:4:1 -1:0
tree_sizes=6970 6900

Tree=0
num_leaves=64
num_cat=0
split_feature=2 2 0 2 2 2 0 7 24 0 0 24 7 7 7 2 0 7 10 7 7 4 2 10 10 8 24 22 12 8 24 7 6 24 22 8 0 2 6 3 8 7 22 6 12 24 8 10 12 3 2 2 8 8 22 24 8 8 6 4 7 4 3
split_gain=3479.09 493.582 423.334 77.1786 75.8898 42.6508 38.5869 14.9057 12.6412 10.3105 10.1203 10.0728 10.2804 9.84062 9.7564 9.6748 8.72681 8.33298 6.68584 6.23868 5.91323 5.71199 6.20897 6.46012 9.09155 5.56765 5.50801 9.06672 5.41521 5.22265 4.90966 4.77816 4.59531 5.0915 4.42218 4.42151 4.38346 4.19193 5.84335 4.91748 4.31786 4.17583 4.1417 4.12276 4.35036 4.29511 3.97414 3.9585 3.85273 3.81852 4.00738 3.80815 5.01204 3.63821 3.5072 4.48165 3.49656 4.49527 4.92494 4.30018 3.70456 3.87726 3.71678
threshold=0.062436182353459026 0.11983266018916278 38.500000000000007 0.037040658755694449 0.22620238585839639 0.086312493196312526 75.500000000000014 16.500000000000004 6.5000000000000009 2.7500000000000004 5.1500000000000012 6.5000000000000009 13.500000000000002 11.500000000000002 10.500000000000002 0.048155429459015443 48.500000000000007 13.500000000000002 67.500000000000014 9.5000000000000018 11.500000000000002 123.50000000000001 0.073558261236894809 62.500000000000007 210.50000000000003 0.094145705042923591 5.5000000000000009 4.5000000000000009 0.16180720843250598 0.13880949089660527 10.500000000000002 11.500000000000002 0.37980000000000008 6.5000000000000009 7.5000000000000009 0.21535426981534769 96.500000000000014 0.081153186784216902 0.48335000000000006 6.5000000000000009 0.060151479049737021 10.500000000000002 1.0000000180025095e-35 0.96665000000000012 0.30986731276742413 11.500000000000002 0.13336129753914991 3320.5000000000005 0.19625886044516686 3.5000000000000004 0.068306521558003333 0.027972657646062268 0.15009157509157511 0.037059188374977854 6.5000000000000009 11.500000000000002 0.092379852633894213 0.076504843709090317 0.72728636363636368 116.50000000000001 13.500000000000002 124.50000000000001 6.5000000000000009
decision_type=2 2 2 2 2 2 2 2 2 2 2 2 2 2 2 2 2 2 2 2 2 2 2 2 2 2 2 2 2 2 2 2 2 2 2 2 2 2 2 2 2 2 2 2 2 2 2 2 2 2 2 2 2 2 2 2 2 2 2 2 2 2 2
left_child=2 5 3 7 10 8 16 17 13 -6 31 12 41 37 -5 18 26 51 -16 -12 25 22 49 -24 -25 -11 27 -4 -21 34 -19 -3 33 35 -13 -30 -8 38 40 -39 -2 -7 47 44 45 -17 -42 -14 -43 -15 -51 52 -1 -45 -10 -56 57 60 59 -59 -20 -62 -63
right_child=1 4 6 14 9 11 36 -9 54 20 19 29 42 21 15 43 -18 30 56 28 -22 -23 23 24 -26 -27 -28 -29 32 -31 -32 -33 -34 -35 -36 -37 -38 39 -40 -41 46 48 -44 53 -46 -47 -48 -49 -50 50 -52 -53 -54 -55 55 -57 -58 58 -60 -61 61 62 -64
leaf_value=-0.056524864824325852 0.024445644425759871 0.045924525790126874 -0.055544737017469883 -0.035944682185641327 0.083633742260232305 0.0099257622461840778 -0.078678063773979512 0.090740217508671922 -0.073744930719032417 0.075144291347156944 0.021891582480775464 -0.055876228067446736 0.038438166262717545 0.059316282594457703 -0.049899550669573883 -0.0045949764016390065 -0.071892977130795385 -0.033075702877199957 -0.025575977402714462 -0.008884836124050827 0.073321883463040111 0.0028132456981149901 0.051776921837536877 -0.020477821521600534 0.022131518075558507 0.038870378158765186 -0.081677568659717106 0.034958411308047846 0.05808504764034346 0.051556123465352759 -0.084439489973283544 0.060707371537670599 0.041935057957109445 0.028530346128206326 -0.0016948752986924256 0.032904130873099159 -0.090302608953183885 0.012018601566434804 -0.037608870763322033 -0.072827766086475162 -0.024728218862457057 0.0099237420380508135 0.068175058240101491 0.076732220427435757 -0.026632047914764201 -0.064997241053606311 0.053614722306091704 -0.021085090725481263 0.028019258612425102 0.0071699885327502922 -0.023850988932422816 -0.043953163379409854 0.016155742151309275 0.008459007746147695 -0.010266537349152977 -0.062759729205123335 -0.031446237945177591 -0.013603870790589834 -0.034222142752081901 0.021797695543991458 -0.0011488612189721561 0.014927322107186239 -0.042889189308101212
leaf_weight=135.61875207710546 9.5336601864546555 65.603673033416271 148.07178752543405 54.384975512512028 284.64692056132481 50.904784806072712 109.57011804165086 2.0515515252482137 3.42325829016045 17.349079259671271 23.462890669703484 4.9212112794630292 114.86368950759061 3.1202361374162129 17.891452700830996 195.51073212898336 241.57886664744001 145.27769366069697 94.586218530777842 4.068331701681017 186.26719256932847 154.48322048969567 15.591153388842939 13.929326347308232 123.64275044738315 27.106431456282735 20.16309903486399 2.8200452770106486 188.53142730612308 3.5011704107746473 4.8063206085935226 327.73678507446311 138.14530520210974 18.71875413460657 16.042667518835515 19.208985047414899 312.07668765832204 25.806829775217924 21.35337757319212 1.8287314968183626 16.515043642371896 33.930446255486459 11.706181853078304 2.3275352530181399 27.773448437452316 2.9881030768156043 1.7946730852127064 2.8627857193350783 221.02353366697207 78.557098474120721 12.001442567445336 162.10537582961842 2.4142385609447947 12.072077409364281 21.902946639806036 4.992921989876776 41.163493662839755 14.713141587330027 9.0983214550651592 20.57109466008842 40.505069515435025 3.5676551377400783 12.586495982250197
leaf_count=2646 124 686 2412 750 1892 610 1792 59 61 140 272 96 1508 32 295 3025 3997 3271 1499 61 1641 2321 157 219 1686 271 366 34 1958 36 107 3237 1626 243 230 214 4881 292 302 24 222 481 125 16 471 55 16 53 2728 1117 179 2565 32 171 368 90 690 236 137 256 631 55 235
internal_value=0.000831629 0.0422386 -0.0503342 -0.0284284 0.0623574 0.0152085 -0.0766443 -0.0437273 0.0052298 0.0772666 0.052575 0.0262445 0.0279991 0.00721499 -0.015842 -0.0136349 -0.0657744 -0.04434 -0.0204276 0.0468909 0.0694114 0.0103535 0.0150724 0.0212742 0.0178173 0.0530265 -0.0571331 -0.0538533 0.0484819 -0.0049729 -0.0347206 0.0582418 0.049122 0.0535062 -0.0144138 0.0557567 -0.0872818 -0.00917852 -0.0179318 0.00640405 -0.00284126 0.0230005 0.0398111 -0.00644668 -0.00809754 -0.00550424 -0.0170492 0.0369907 0.025611 0.00493269 0.00305887 -0.0491502 -0.0552537 0.0194946 -0.0260783 -0.0200113 -0.0182008 -0.0154137 -0.00142212 0.00703563 -0.0195195 -0.00940895 -0.0301204
internal_weight=4105.37 2269.08 1836.29 1002.01 1300.85 968.233 834.281 452.274 508.477 515.37 785.476 459.756 435.291 478.158 549.74 495.355 412.634 450.222 254.683 392.136 230.723 401.325 246.842 153.163 137.572 44.4555 171.055 150.892 368.673 24.465 150.084 393.34 364.604 226.459 20.9639 207.74 421.647 76.8323 49.1968 27.6356 27.8434 305.859 129.433 240.672 226.272 198.499 18.3097 117.726 254.954 93.6788 90.5585 300.138 138.033 14.3996 30.3191 26.8959 236.791 195.628 44.3826 35.2842 151.245 56.6592 16.1542
internal_count=56002 25318 30684 17202 12241 13077 13482 8680 7210 3944 8297 5867 5505 6691 8522 7772 6809 8621 4034 4374 2052 5711 3390 2062 1905 411 2812 2446 4102 362 3378 3923 4041 2415 326 2172 6673 980 664 316 362 3819 1686 3738 3551 3080 238 1561 3209 1328 1296 5243 2678 187 519 458 3739 3049 629 492 2420 921 290
is_linear=0
shrinkage=0.05


Tree=1
num_leaves=64
num_cat=0
split_feature=2 2 1 2 0 0 0 0 0 2 11 24 0 6 0 3 10 10 1 8 0 0 10 10 3 8 8 9 24 23 2 9 24 5 4 24 9 1 11 24 11 5 6 4 4 10 11 5 2 10 9 10 3 2 0 10 5 6 5 9 11 24 10
split_gain=4127.39 988.576 798.791 118.722 110.245 94.7719 81.9231 69.6913 24.4678 19.5923 19.1932 16.1759 14.0327 13.5878 19.7031 18.925 18.4942 30.5286 21.3901 17.1307 15.2965 15.0325 19.173 12.9851 12.4388 12.2286 16.5479 13.2647 12.0845 13.2444 13.2778 11.9032 11.8231 11.6966 16.533 11.4467 11.2367 10.8019 10.546 10.497 10.3999 10.1119 13.0511 18.0716 12.0957 11.9146 21.2561 10.084 10.784 9.7571 11.4732 11.8809 10.9654 10.1946 9.47967 9.72834 9.40595 15.3045 11.5531 9.63335 9.31226 9.24749 14.5002
threshold=0.087254624584660892 0.25613483995316527 0.039231000000000009 0.20466270768235967 13.500000000000002 48.500000000000007 2.6500000000000008 7.6500000000000012 1.4500000000000002 0.044090846225919626 0.040911253351786185 5.5000000000000009 96.500000000000014 0.21825000000000003 4.5500000000000007 1.5000000000000002 360.50000000000006 67.500000000000014 0.23809511904761907 0.050012632642748876 6.2500000000000009 4.4500000000000011 2737.5000000000005 67.500000000000014 1.5000000000000002 0.047660863622052088 0.054097093774545829 0.21607492003193032 5.5000000000000009 1.0000000180025095e-35 0.084379785223922463 0.19849657299748047 5.5000000000000009 8.5000000000000018 129.50000000000003 4.5000000000000009 0.17719007584483973 0.58823514705882363 0.094532305395610874 8.5000000000000018 0.10576130234994956 9.5000000000000018 0.69615000000000016 117.50000000000001 133.50000000000003 839.50000000000011 0.075965990794190308 8.5000000000000018 0.17230820621282791 1688.5000000000002 0.19792157555765003 2194.5000000000005 2.5000000000000004 0.16946611581318441 5.5500000000000007 412.50000000000006 8.5000000000000018 0.55055000000000009 6.5000000000000009 0.48713513198121816 0.063427244451262507 5.5000000000000009 3236.5000000000005
decision_type=2 2 2 2 2 2 2 2 2 2 2 2 2 2 2 2 2 2 2 2 2 2 2 2 2 2 2 2 2 2 2 2 2 2 2 2 2 2 2 2 2 2 2 2 2 2 2 2 2 2 2 2 2 2 2 2 2 2 2 2 2 2 2
left_child=2 3 5 7 28 -1 8 13 -3 -6 -5 31 -7 14 25 16 17 -15 -19 20 -16 22 33 -17 -10 -2 -27 -28 29 -4 -31 -12 60 34 38 36 -21 -30 -18 -9 47 42 -25 -44 49 46 -45 48 -23 52 -51 -52 -43 -54 -48 -56 57 61 -59 -58 -29 -8 -63
right_child=1 6 4 10 9 12 56 39 24 -11 11 -13 -14 15 19 23 21 18 -20 35 -22 40 -24 41 -26 26 27 32 37 30 -32 -33 -34 -35 -36 -37 -38 -39 -40 -41 -42 44 43 45 -46 -47 54 -49 -50 50 51 -53 53 -55 55 -57 59 58 -60 -61 -62 62 -64
leaf_value=-0.052521833373664464 -0.0129878151829943 0.08303149896419304 -0.012056477052197092 -0.018030876608905174 -0.038038687835811963 -0.07059802376916402 0.040711950115885027 -0.0028039556372647023 0.058291067124014467 -0.026206666753589444 0.043393927905404056 0.0024912056003459282 -0.083542768943674572 0.031296392720221965 0.039827187374706183 -0.010680357615634987 -0.0079658741613030885 -0.081818673725299093 0.0001583534735916601 -0.018574935064621569 0.0063616429518197478 -0.033716409398134986 -0.048743097233661284 0.010865201063845939 0.023421430533567794 0.067023388442396525 -0.011364724573177254 0.0096121028192063928 -0.031112950195055222 0.010592353261794835 -0.056534647877326039 0.026202913333656028 -0.00010893243914391041 0.03262288562366103 0.019643883053937251 -0.0003559613419955184 0.012846516470863295 0.088881852582536364 -0.059222129747592556 -0.039324052016383469 0.045663574460809597 0.032202999276280904 0.034893234934016672 -0.05887639894892413 0.060276380074298398 -0.024235437982674853 0.053959365851970975 0.031215305639399463 0.018161777742150418 0.051504525769558565 -0.020325362001647973 0.012092611119959736 0.015513782863222284 -0.039572795013517785 -0.039271158469799318 0.036091868978490343 0.061484567322956797 -0.029751796035222069 0.024318706194086472 0.027988085442491456 0.033418837426646794 -0.020673732076932769 0.040063763462138184
leaf_weight=838.7508228495717 21.02786959707737 102.08767583966255 1285.217273408547 24.707670524716377 606.61433301388752 484.68584844912402 580.12434335798025 965.08376498520374 1163.6342341899872 826.64922679122537 111.39490851759911 66.467230007052422 368.56093547609635 14.064904570579527 95.127289712429047 70.364582851529121 24.003781229257584 24.713245391845703 11.736277282238005 29.23208250105381 53.265070751309395 20.519082777202129 24.494206726551056 1097.5047803781927 26.150148838758469 23.28731282055378 25.314908415079117 49.162648722529411 96.178823261638172 104.3268730007112 7.9263480044901362 1048.1432009786367 37.99223355948925 22.224254295229912 29.464778572320938 225.69049662351608 1067.4215596020222 1.9127917560981575 17.245257079601288 20.085689689964056 24.323729455471039 130.7327613979578 23.731270790100098 9.2046050429344159 16.266534820199013 79.533001475036144 16.481672130525112 26.8262969404459 19.572450131177902 12.363848201930521 42.912083238363266 82.791937418282032 120.19576066732407 9.029763534665106 8.033871181309225 9.1697357073426229 81.027062773704529 12.967995613813398 41.47570975124836 29.199472032487392 249.74680435657501 16.188183799386024 25.00511522591114
leaf_count=8064 46 126 6674 45 5044 5789 830 3615 1550 5488 163 111 4881 22 189 222 36 46 15 79 165 36 44 2845 33 33 50 94 1681 441 37 1649 75 32 37 686 2564 14 28 124 30 264 55 36 31 218 33 38 28 26 122 224 393 16 31 27 103 27 65 44 422 30 36
internal_value=0.000667875 0.02201 -0.037106 0.0118648 -0.0213052 -0.0644571 0.0517963 0.00832275 0.0595403 -0.0312145 0.0256001 0.0264794 -0.0761895 0.0113489 0.0143994 0.00846753 -0.00413151 -0.0312775 -0.0554231 0.0117063 0.0278148 0.00243982 -0.00938936 0.010357 0.0575247 0.0241424 0.0261677 0.0235411 -0.0118087 -0.0106179 0.00585243 0.0278544 0.0261639 0.000982482 -0.0089616 0.00989858 0.012009 -0.028773 -0.0293949 -0.00354853 0.0176645 0.0112498 0.00899605 -0.00503986 0.0180153 -0.0127808 0.00846027 0.00748727 -0.00838978 0.0162881 0.00554627 0.00102596 0.0219933 0.0116646 0.0268602 0.000898269 0.0390681 0.0368591 0.0114396 0.0526112 0.0295033 0.0390865 0.0161951
internal_weight=12799.3 8178.52 4620.82 6100.66 2928.83 1692 2077.86 4849.94 1291.87 1433.26 1250.71 1226.01 853.247 3864.77 1877.27 1987.5 259.188 50.5144 36.4495 1470.74 148.392 208.674 117.432 1728.32 1189.78 406.532 385.504 362.217 1495.56 1397.47 112.253 1159.54 336.902 92.9381 70.7138 1322.34 1096.65 98.0916 41.249 985.169 91.2416 1657.95 1243.66 146.154 414.293 122.423 42.8899 66.9178 40.0915 398.026 138.068 125.704 259.958 129.226 33.6853 17.2036 785.988 675.761 54.4437 110.227 298.909 621.318 41.1933
internal_count=56002 17889 38113 15045 19379 18734 2844 13077 1709 10532 1968 1923 10670 9338 4403 4935 392 83 61 3683 354 309 177 4543 1583 720 674 641 8847 7152 478 1812 591 133 101 3329 2643 1695 64 3739 132 4321 3245 400 1076 345 127 102 64 1045 372 346 673 409 91 58 1135 988 92 147 516 896 66
is_linear=0
shrinkage=0.05


end of trees

feature_importances:
implied_prob_norm=17
win_odds=16
jockey_rides=13
sec_pos_pre=13
jockey_win_rate=12
field_size=10
draw_relative=7
odds_rank=6
actual_wt=6
draw=5
jockey_place_rate=5
trainer_win_rate=5
sec_pos_1=4
market_implied_prob=3
trainer_place_rate=3
sec_pos_2=1

parameters:
[boosting: gbdt]
[objective: lambdarank]
[metric: ndcg]
[tree_learner: serial]
[device_type: cpu]
[data_sample_strategy: bagging]
[data: ]
[valid: ]
[num_iterations: 500]
[learning_rate: 0.05]
[num_leaves: 64]
[num_threads: -1]
[seed: 0]
[deterministic: 0]
[force_col_wise: 0]
[force_row_wise: 0]
[histogram_pool_size: -1]
[max_depth: -1]
[min_data_in_leaf: 20]
[min_sum_hessian_in_leaf: 0.001]
[bagging_fraction: 0.8]
[pos_bagging_fraction: 1]
[neg_bagging_fraction: 1]
[bagging_freq: 5]
[bagging_seed: 3]
[bagging_by_query: 0]
[feature_fraction: 0.8]
[feature_fraction_bynode: 1]
[feature_fraction_seed: 2]
[extra_trees: 0]
[extra_seed: 6]
[early_stopping_round: 0]
[early_stopping_min_delta: 0]
[first_metric_only: 0]
[max_delta_step: 0]
[lambda_l1: 0]
[lambda_l2: 0]
[linear_lambda: 0]
[min_gain_to_split: 0]
[drop_rate: 0.1]
[max_drop: 50]
[skip_drop: 0.5]
[xgboost_dart_mode: 0]
[uniform_drop: 0]
[drop_seed: 4]
[top_rate: 0.2]
[other_rate: 0.1]
[min_data_per_group: 100]
[max_cat_threshold: 32]
[cat_l2: 10]
[cat_smooth: 10]
[max_cat_to_onehot: 4]
[top_k: 20]
[monotone_constraints: ]
[monotone_constraints_method: basic]
[monotone_penalty: 0]
[feature_contri: ]
[forcedsplits_filename: ]
[refit_decay_rate: 0.9]
[cegb_tradeoff: 1]
[cegb_penalty_split: 0]
[cegb_penalty_feature_lazy: ]
[cegb_penalty_feature_coupled: ]
[path_smooth: 0]
[interaction_constraints: ]
[verbosity: -1]
[saved_feature_importance_type: 0]
[use_quantized_grad: 0]
[num_grad_quant_bins: 4]
[quant_train_renew_leaf: 0]
[stochastic_rounding: 1]
[linear_tree: 0]
[max_bin: 255]
[max_bin_by_feature: ]
[min_data_in_bin: 3]
[bin_construct_sample_cnt: 200000]
[data_random_seed: 1]
[is_enable_sparse: 1]
[enable_bundle: 1]
[use_missing: 1]
[zero_as_missing: 0]
[feature_pre_filter: 1]
[pre_partition: 0]
[two_round: 0]
[header: 0]
[label_column: ]
[weight_column: ]
[group_column: ]
[ignore_column: ]
[categorical_feature: 25,26,27,28,29]
[forcedbins_filename: ]
[precise_float_parser: 0]
[parser_config_file: ]
[objective_seed: 5]
[num_class: 1]
[is_unbalance: 0]
[scale_pos_weight: 1]
[sigmoid: 1]
[boost_from_average: 1]
[reg_sqrt: 0]
[alpha: 0.9]
[fair_c: 1]
[poisson_max_delta_step: 0.7]
[tweedie_variance_power: 1.5]
[lambdarank_truncation_level: 30]
[lambdarank_norm: 1]
[label_gain: ]
[lambdarank_position_bias_regularization: 0]
[eval_at: 1,3]
[multi_error_top_k: 1]
[auc_mu_weights: ]
[num_machines: 1]
[local_listen_port: 12400]
[time_out: 120]
[machine_list_filename: ]
[machines: ]
[gpu_platform_id: -1]
[gpu_device_id: -1]
[gpu_use_dp: 0]
[num_gpu: 1]

end of parameters

pandas_categorical:[["HV", "ST"], ["0", "All Weather Track", "Turf"], ["0", "A"], ["0", "Class 2", "Class 3", "Class 4", "Class 5", "Griffin"], ["Good", "Yielding"]]
